8
1 1
15 1 20 1
2
3
2 2
1337 1 42 1
3 4
7 8
2 2
15 1 20 1
2 3
3 4
30 30
9901 139 9461 109
1 2 3 4 5 6 7 8 9 10 11 12 13 14 15 16 17 18 19 20 21 22 23 24 25 26 27 28 29 30
30 60 90 120 150 180 210 240 270 300 330 360 390 420 450 480 510 540 570 600 630 660 690 720 750 780 810 840 870 900
30 30
3 1 15 4
1 2 3 4 5 6 7 8 9 10 11 12 13 14 15 16 17 18 19 20 21 22 23 24 25 26 27 28 29 30
1 2 3 4 5 6 7 8 9 10 11 12 13 14 15 16 17 18 19 20 21 22 23 24 25 26 27 28 29 30
30 30
5 1 30 7
1 2 3 4 5 6 7 8 9 10 11 12 13 14 15 16 17 18 19 20 21 22 23 24 25 26 27 28 29 30
1 2 3 4 5 6 7 8 9 10 11 12 13 14 15 16 17 18 19 20 21 22 23 24 25 26 27 28 29 30
30 30
15 2 88 13
1 2 3 4 5 6 7 8 9 10 11 12 13 14 15 16 17 18 19 20 21 22 23 24 25 26 27 28 29 30
1 2 3 4 5 6 7 8 9 10 11 12 13 14 15 16 17 18 19 20 21 22 23 24 25 26 27 28 29 30
29 14
139 101 131 103
78 64 50 36 22 8 94 80 66 852 1938 3024 4110 5196 6282 7368 8453 8450 9539 9540 9538 1 2 3 4 5 6 77 9
1000 2100 3200 4300 5400 6500 7500 8600 9700 10000 9999 9998 9997 999
