31
3 3.0 2.0
-90.0 1.0
90.0 3.0
-90.0 1.0
2 3.0 6.0
0.0 3.0
-90.0 8.0
1 10.0 10.0
-45.0 14.0
8 13.0 0.0
-90.0 13.0
90.0 13.0
-135.0 9.19239
-90.0 9.19239
-90.0 18.3848
-135.0 13.0
-135.0 18.3848
-135.0 13.0
1 793.0 -608.0
37.5 999.9
3 0.0 0.0
0.0 1000.0
-120.0 1000.0
-120.0 1000.0
4 0.0 0.0
0.0 500.0
90.0 500.0
90.0 500.0
90.0 500.0
12 0.0 0.0
0.0 100
30.0 100.0
30.0 100.0
30.0 100.0
30.0 100.0
30.0 100.0
30.0 100.0
30.0 100.0
30.0 100.0
30.0 100.0
30.0 100.0
30.0 100.0
2 0.0 0.0
-360.0 1.0
360.0 -1.0
1 404.0 0.0
-180.0 -404.0
1 17.0 -98.0
-100.0 -100.0
6 0.0 0.0
-21.0 21.0
180.0 21.0
-205.0 56.0
180.0 56.0
-333.0 121.0
180.0 121.0
15 -896.0 -1875.0
114.16535612581089 548.4789026409094
-150.42144585607892 -977.3210830589547
-164.9425160888009 -513.3281226317756
-68.59400289053849 236.76272540386276
-321.6876774287311 -199.83663586632485
-123.91903919961882 -733.9349117964832
-286.2922328536604 122.12024854847732
-215.54774915452748 -137.76783146288744
51.66679576746105 405.81999213099175
341.42078742902686 -244.08957076420018
-277.0754606569243 -776.1029322376303
67.67896761722034 769.2454084584522
164.66727056195532 -244.3065996403917
-300.96834362725 830.7486284256051
-0.9459600630031559 -782.0980696795466
15 599.0 -1336.0
-192.51613379224318 -260.5397967908241
-150.44417456316253 718.1741512861015
-287.7827543962668 -571.1085137908533
-118.95243779230256 -911.0096214174754
-316.42837188688543 329.37782507767406
252.1841911187213 874.3094616621536
-292.1315528914742 -573.5593921273414
0.5897610115191014 264.95816677235075
356.90277384753665 -41.825664132500606
259.71846724322677 -524.6368051326442
59.102490409611676 -712.4703353029154
-237.56656727202517 -388.8909950640134
109.50427125451961 -483.557197825893
71.71898153131667 -655.3435644732515
-130.8163087286461 808.9131255471152
3 2.0 3.0
-90.0 1.0
90.0 3.0
-90.0 1.0
2 3.0 8.0
0.0 3.0
-90.0 8.0
1 10.0 10.0
-45.0 12.0
8 0.0 13.0
-90.0 13.0
90.0 13.0
-135.0 9.19239
-90.0 9.19239
-90.0 18.3848
-135.0 13.0
-135.0 18.3848
-135.0 13.0
1 0.0 0.0
37.5 999.9
3 100.0 100.0
0.0 1000.0
-120.0 1000.0
-120.0 1000.0
4 100.0 -100.0
0.0 500.0
90.0 500.0
90.0 500.0
90.0 500.0
12 9001.0 404.0
0.0 100.0
30.0 100.0
30.0 100.0
30.0 100.0
30.0 100.0
30.0 100.0
30.0 100.0
30.0 100.0
30.0 100.0
30.0 100.0
30.0 100.0
30.0 100.0
2 360.0 180.0
-360.0 1.0
360.0 -1.0
1 -404.0 0.0
-180.0 -404.0
1 -17.0 98.0
-100.0 -100.0
6 1.0 2.0
-21.0 21.0
180.0 21.0
-205.0 56.0
180.0 56.0
-333.0 121.0
180.0 121.0
15 0.0 0.0
114.16535612581089 548.4789026409094
-150.42144585607892 -977.3210830589547
-164.9425160888009 -513.3281226317756
-68.59400289053849 236.76272540386276
-321.6876774287311 -199.83663586632485
-123.91903919961882 -733.9349117964832
-286.2922328536604 122.12024854847732
-215.54774915452748 -137.76783146288744
51.66679576746105 405.81999213099175
341.42078742902686 -244.08957076420018
-277.0754606569243 -776.1029322376303
67.67896761722034 769.2454084584522
164.66727056195532 -244.3065996403917
-300.96834362725 830.7486284256051
-0.9459600630031559 -782.0980696795466
15 0.0 0.0
-192.51613379224318 -260.5397967908241
-150.44417456316253 718.1741512861015
-287.7827543962668 -571.1085137908533
-118.95243779230256 -911.0096214174754
-316.42837188688543 329.37782507767406
252.1841911187213 874.3094616621536
-292.1315528914742 -573.5593921273414
0.5897610115191014 264.95816677235075
356.90277384753665 -41.825664132500606
259.71846724322677 -524.6368051326442
59.102490409611676 -712.4703353029154
-237.56656727202517 -388.8909950640134
109.50427125451961 -483.557197825893
71.71898153131667 -655.3435644732515
-130.8163087286461 808.9131255471152
0 0.0 0.0
0 1.0 1.0
1000 -11524.0 14629.0
104.41708018704423 -489.49540967842984
-208.52752850073566 501.55046210292994
296.8508387312148 791.6015870464739
91.67535328036831 -774.750603081723
-23.390439056516072 80.28796846901218
-335.1415878675182 653.895951575879
172.22973334517383 166.05066989267812
37.575013617075285 267.95410802566767
-250.90046226895365 716.0545725047509
-39.56043032632789 9.528942822993713
88.56276748896454 -483.7588053881532
233.2221365995266 260.8513274314141
240.90186245302584 -43.193436821290106
347.19751103986357 775.5459039341013
-301.1080305399209 -88.22305054832452
-94.6141062465037 -720.2153875674924
-180.3663922713204 125.29326689496429
-181.41196798541787 329.5688313946846
-304.11294096430106 -507.39608419782735
44.88327375961404 192.02292014828095
-55.85268716357257 211.65714078967335
-97.47548668774425 12.723425013065253
115.21376097492777 -318.4248094503346
-19.06996967160569 -662.2719106252937
164.024917617411 237.18221381988224
121.73710044558936 -821.8893900104449
39.043681831270646 334.1489611536613
241.64887405182367 236.44597900306576
207.49432882878318 -362.79212721665033
321.0705269559668 -341.1663489384009
221.26835036482748 -385.71687865225203
127.29745018293221 732.685001778432
329.3314458828587 702.2698563611746
178.2828238920016 319.64334952810486
255.97985286450682 885.5887221071453
202.7784216714258 494.64395187999435
-89.69001793599074 616.5314602138271
74.90746151097471 -143.73594017469736
90.78043299975354 -593.1956294308713
-64.00565575390777 280.15156869764087
239.7616774894633 132.5671887513913
-236.25842085153255 506.46282274223495
26.483911301121225 120.65485933370655
328.6098084401805 883.8807932692805
312.8093632875057 -578.4383967111211
89.52264001862625 -163.0759609761643
4.771020303863793 325.1557364994203
-34.21673823485429 179.89972761963918
-146.16472522422987 137.9855873062636
239.35601132224372 269.99244238569395
-114.63850563937973 -483.5730948534472
-268.56900870662105 -826.3776720291835
197.74746471563867 -762.187385388677
-260.54388780307914 514.3468105896231
-285.7349201051949 -807.9227244529998
-64.41399291518718 477.2202907223809
320.60620480572436 589.3376136539641
194.76346358953572 -436.3334671457999
-115.32563589062477 -95.77663490200791
-299.58603124031407 -877.4396606369834
-108.82638190702983 915.6608796796716
-211.99972277913523 427.35420240629446
-167.93850327252267 -648.7956390027578
-8.551023881370611 125.72761125228226
-205.0516285442584 -892.1004167327291
-345.273023268818 -742.6239008719906
-154.95834550011259 -202.94457693037748
340.61145730746307 -282.8011393038232
122.24836506561775 448.1891630258708
-329.03783520493397 35.283477785317245
-46.434414087770506 -392.19717045229595
-352.42906212306116 -348.27246673926265
111.90376833080757 -218.46262548640414
249.92869215072403 -516.5228920619056
116.00366203785757 193.64278791975062
106.01590814156589 512.0031611486668
-317.8771596629814 175.59335765878018
284.4880687467436 -635.222898150668
346.68416257190836 146.06624704879982
-198.6065511938611 420.1476561238562
200.0931578740259 107.39424142649341
271.82588904483555 -165.63858473361972
325.44805669544735 858.9927098681549
26.681138035932747 71.1111137215712
161.88067297051282 716.1517523191951
-323.04920400436674 8.13459545600324
-349.21700828803796 422.9755765720172
262.753604896193 -497.97036927663527
354.18916401683407 -838.8585800398025
91.56933922544914 411.589908046368
78.09874374070773 -918.4592489921192
29.906375718499817 511.60722809384083
129.5424112031655 623.7567420406065
4.89938606150406 473.2271472146376
-255.29309758224377 38.72191935793103
357.0994265993976 -856.4151865079909
-273.548076790825 -7.208964011135663
302.9843604672592 726.5884114071059
-196.9329400174903 -93.1454234572276
-44.517109894599514 -851.6411433003634
-13.8676526107879 772.009116126153
193.07124210068685 -115.02523992184649
143.86219623425688 -416.308908152359
82.76764589042955 -163.18843531006962
357.32729919404255 -750.92834222277
149.61420896459305 -547.0941004754886
-49.534443441374606 847.900006791517
-134.99701955669047 240.4155128010184
-139.19198334155237 464.8746404196954
-141.53302075655762 -961.6143208093395
286.3617520594338 462.01109678006924
22.324083222305262 -8.324453082321611
105.10742012758914 -977.6338200017022
195.826073754135 30.035442213723172
337.08430925836126 71.86961308026571
5.23167704710545 -161.0302044612963
265.05196695820666 273.90348521398505
-261.51251938754353 -196.84149667799852
-11.767499678116337 691.6618178028707
-352.0335411898717 -790.147467872459
34.65388673196736 -73.78761797523907
241.9794746200347 -881.2026342781651
1.1296222692924403 -936.4260977726866
65.54072884382458 736.8817548037152
105.92625645446645 602.011858045988
-296.8663079001535 -120.15324362815954
-132.3145350738593 -318.852302443825
140.98972943773242 160.03337440648716
-14.816579189068875 397.36599658139085
43.65732633788406 908.2850598546895
86.0253560180729 765.3948959047455
249.40524786775268 519.7650419010324
338.3892974183941 973.8262735130465
-248.73121424216322 -92.41412576019161
-61.551728958268654 982.7324306536821
-154.68609749254261 54.79178928065153
-42.88399759204276 -775.5739645613525
314.95928838388295 274.3733569319286
33.27665916418397 193.80211977820682
199.96272639249787 -281.36400660534616
-63.32472273168821 -947.409703802901
30.9429332019119 -76.61722902551253
332.1601884734081 22.23619310175343
-4.925613658344446 729.0145372100076
-242.0145312152012 303.02283408351013
55.85778098287227 -210.21062173783525
-315.6037289564217 532.431553767763
-260.3653104434723 -935.8750224181824
-335.2639666145336 383.63371199347694
243.78041544113 172.967939497742
189.829597959784 -194.60424911679388
196.2748284561684 319.8940559767184
147.41272005975577 617.568681257078
-76.38356317473813 -414.2544349837824
-268.10673954823085 -298.2736933665277
343.8107528121967 842.2503165207684
325.74541925452957 -135.59561883597928
233.42942855160425 -726.7900770083718
122.35405742616229 -399.2134016603761
-137.49758501631928 -451.5163239223932
81.14136520870505 449.5705714229439
-231.72899545389606 -934.8641379261106
159.32430269030795 405.1405199029457
-211.4048460643031 -648.2452908937402
170.66628531044216 -58.937539809874124
-41.92579568052872 726.0924698722688
-39.89718737656216 -400.69184546769793
204.7057653574053 -397.18471498969654
-225.86419693552924 812.5058699278829
52.17292390745399 -532.7063309637088
-89.59253194543999 651.905502763103
-227.38409556278003 -536.9957404990762
-254.120209822552 531.6369775245621
-72.99020545948144 784.253999821656
71.56182189050662 550.2306019715206
-64.96481914371469 622.5794851565502
-137.25807393083235 -886.7398691043635
313.5951274373216 284.31294421170696
307.1984412965063 -243.64188718272283
232.89636188786142 278.4497085911546
139.87732661447336 -324.25477482194003
301.2792024758089 668.0896639994533
131.04124676041903 -626.1947100360669
164.74554205470622 -214.63179944082265
-94.08975170395195 40.12788741765735
74.40063178910373 528.9312247786202
337.32940273254997 813.832053259928
154.78927144303248 894.6505986244047
29.014917327563353 -89.1254361906881
-261.6268434937095 134.41595473130747
15.44549960538427 -249.563189869398
136.1616137779074 -5.51995448285993
185.48151674945234 677.3752964537257
-328.22656934053845 -146.024378891654
10.310136478462823 653.111505323672
195.973357028647 -734.1385081406173
-197.6698817996963 -624.773552396704
100.99227385874838 -603.3023588437454
310.10574639668334 686.4178020781267
-11.294108326458513 168.28790365564942
-34.46508140435765 846.3658454364918
-65.98804787887792 523.37105509037
-97.10806019579474 265.4470512951525
284.5124246391589 -830.8189670093029
165.42139139129984 637.1233096878505
109.87180215772588 396.83752257153947
-96.32504422540279 56.22656372866663
118.98889920427763 131.16897079113824
-229.20131415895239 -326.7517287862396
340.385032090844 -765.2889744175409
133.49381326006733 710.134558651996
-249.0230061592965 271.26321459801375
-96.60999269268723 250.97778654785657
-99.33120603586946 428.5281501086615
-327.9146182244286 121.38667654732035
-345.03792009926633 -894.002365879909
124.12324229721452 -616.7930255494236
345.0503663816205 -206.60893510168864
-154.30873046753106 -503.3439730569407
354.62822680936836 296.59160557894825
-357.1555299123664 39.824415547485614
284.9117947667946 -887.8332166606559
-348.43140713060455 25.889524835368775
164.13304347592668 808.2005171794863
-16.98316617614188 -678.7248171891467
-94.96454256762559 -361.695754417177
-279.23241599637674 443.38333618512274
323.66467525314124 297.3153355716363
-267.0326675107549 -895.5860901313688
-44.9868536490672 -278.6679232058465
140.73802048430667 268.17912794409403
-164.1564747827501 141.37424192181243
275.24374377395964 -800.2897182267421
292.2811039949056 -780.9002641472377
-40.67244324750192 12.844464642352932
-70.46872877519326 24.648459593552843
-194.3553155130733 -441.13015304724
353.34357831399734 -139.17605819360142
-108.26608563275818 149.69938971730767
97.60955976509871 494.4655055733099
-66.51517994440985 571.9319240289608
-210.2526896035208 -774.9963860586851
-148.02618718083497 -876.4481965404951
235.29093197063628 401.83113827465445
-345.3420009123606 992.9079939635942
-154.63050993971802 496.2653170826088
-329.5690538219556 -799.9958921107104
-174.47553527145223 640.5138746067821
-90.93927312935057 -466.97763388171336
-248.4182397826615 665.2018966430139
19.045560266266477 -561.60640367101
-301.941344566745 98.65357245799896
353.9385231138208 660.6179275439238
-123.14739322638661 335.26684637739663
25.708166274639098 -421.57068869553063
-171.2759613123227 236.95689349763734
-315.28244901432595 -353.2104461530919
-212.64918316778227 800.786631425241
-240.58018859798233 -870.4126431976085
-214.50194187107485 -792.4575313495745
214.8841861335003 395.80743960485916
-284.8877277753902 560.1540013367
107.7815336303114 452.3279696623256
-32.08548461123024 927.4976721759208
326.4749073740039 99.39276276648684
-289.6670725657599 -71.73591646917555
-51.62475580946028 -879.8040363989905
-193.6194890326324 -978.7899795778652
342.73897925747303 -746.0910010093633
294.3500297253386 912.2565452012816
55.59897060332918 -648.1323430672007
67.96281815684472 45.53532470337427
34.536646153248114 79.53018277215187
-30.125424619512273 14.625539612374723
324.51839807769534 802.2064786289154
35.20669598832734 911.8652716447166
-7.965094272526244 880.4493568037349
245.03694720690294 127.76056088790006
113.29781917729389 -498.6099193425548
-55.45063334682118 -80.8427392022761
-166.73603766541694 385.18983262480947
207.80879695249666 183.98050438093787
165.77245636007535 231.17098733394164
-189.10931406117535 -688.0119447172783
81.09626189654057 606.0810287916042
307.3632304444262 -274.87688204603853
-284.2750492001342 127.33368413038465
344.8835379017536 -222.30522438317428
320.21105322317123 -743.0377304213234
-101.06393595178855 55.75278200728894
-165.57146536913672 -202.5895700079168
329.5065305978387 -203.33468597631872
105.6066616617561 -731.8235256411232
-71.24949469688681 144.04911650965096
-216.98081886730546 742.7184124882233
122.48134706677098 -740.1595672146032
-85.77673553889991 -562.0837286942226
-4.4321828804458505 -65.56158590426003
-48.740562248343906 373.7806043514456
251.0973444840048 -732.5096459104599
331.23834837383356 758.9851361178262
85.4264846912343 236.03106803676928
-55.74365087144008 408.19307484260844
86.00587905862085 523.3283582514132
2.597697890752613 -539.9634486557572
176.13234258377895 850.9268004338126
-1.3040449123294593 940.0008313740582
320.5468583953999 -761.9762343691996
265.34407853770404 300.3524310062469
-271.93782421184693 -893.5489766472735
-309.84311659006954 969.6451981473003
202.17005790811288 -43.823165975428196
67.30640462022347 157.22462565750766
-22.156699519557492 -544.6161746739626
313.06558135356056 683.5449413488475
82.51355816303044 -779.1821276514754
247.71161485502978 445.00151253661875
-108.52839927469023 -691.7548605419827
214.85568965197876 -727.6265228921177
-127.29794031919943 489.49362393048887
-289.7179708196699 -595.1384958989454
-146.569371211332 761.6976302618127
-94.10615990436213 577.0951615210538
10.427244321063597 -783.9972119055931
40.380490650309355 -195.62244914318592
-11.62597464425977 387.130691552077
106.73480421675225 -648.1774033833052
205.37305243073263 -488.15651996233055
17.76589940880058 85.93323497682991
351.934044345844 -256.5128925768696
-165.7319994018056 -567.4420335350617
49.54803951589196 301.4354364545768
-183.47847688622196 -496.9454246741658
327.2185727305176 -221.60421646273676
-351.68168485237953 -399.1195285835256
-0.9124310345395656 -614.821529492819
303.7187390874341 283.7189897509454
-216.44103665803826 781.6724732822338
240.26338669739278 -568.3572892363538
-25.911882760647245 324.411071381144
308.3786086567351 359.7045070755437
-305.928451488385 55.25117586567467
-314.7700256869758 -86.26175428059253
203.03637831185085 -437.66951188490054
-47.70623806657875 701.0414346149255
88.59496477120689 -36.391317751567954
59.432111205766205 133.00293968809478
-241.60435773361417 -305.0627756343289
314.2731812529786 -205.37094788934462
-121.43391328132594 -471.25503911429644
-255.78688017415277 -193.68734954975525
-70.08825677007508 -693.9334198023412
-40.62766530054358 306.07988062881986
-329.6032085236135 -766.2186921649603
-241.64559775571374 -44.060173468072094
322.20142168801 280.5697950325193
-155.328896903628 -536.1460963959963
223.91435720849063 -800.7604060499933
80.21325742558082 513.2309118285732
223.18528371586228 9.706608280784167
213.16213964520728 -795.2544581060716
192.42772248923268 -603.9353917756218
261.25231226969686 140.6682879454936
-30.071974859195393 402.81252194844046
-92.68798560336734 619.785417299878
-159.01771339254563 -940.5484663953675
92.52307015330683 61.37786856353682
98.4483552990647 119.30325229517166
73.85777737154353 -260.38024887867755
339.3656224384115 967.5425361900609
-134.33397026174882 185.1457623676913
-155.93874914871745 935.0779113986237
11.401287152629152 198.42989413586884
-73.57324485398283 749.0531183302728
-50.010073943066345 320.00614702719486
338.8147972939921 -342.6151190824471
-267.6360451431893 815.4542534276602
-57.728659204264716 -116.10791757104732
307.1926056512227 -241.53689978728244
32.58432909767049 -497.78857283029953
230.86435223321246 633.1753955774179
64.89531767495237 -439.1628284260354
25.285921477611055 -972.591663575926
284.38632459209055 -651.7392931071364
-171.91890760180848 451.23442772447333
-292.1803405559515 -943.6712414122912
13.28728273682043 90.79826616629157
-349.5255714287636 -218.42211664273475
266.6636733509001 395.1358085430113
-324.71159941635824 798.4442009607826
-61.75965273545455 -205.84810588618961
215.78033232383564 -655.1116683545622
-314.2464842448874 -441.1955328745421
-208.40718461112633 780.1152779663369
106.12720732736943 -160.06736992606022
-184.73825004868164 905.7102637153271
188.17806215658516 260.057800669947
-78.91600928635427 -514.348270250466
-271.7652235983171 -917.1234424305346
331.72024750134483 557.3040517082629
291.38003501122967 -51.94439384347004
-264.5636213273185 994.6321374977597
-245.46226685594092 434.3292354737325
-203.34884158570438 -33.47871952792377
333.64464022709933 301.78981655448933
-35.275124723846204 427.2264608870248
-84.33944689488078 -835.34593074358
280.6883579041212 -417.3845349657039
127.18714082496734 -441.32339499289697
128.87779126361033 395.0109205672409
-45.01882785002658 -107.22580683711885
-339.7938112204609 621.0772702806198
9.663195817980693 612.3140239372394
166.06835230704542 -378.6610392634817
92.43876385751003 51.910765774810216
326.6411343011853 236.55671991654867
65.66464104281687 -81.5334048692797
-125.39278176853509 -604.6697836364472
261.60808366650906 120.58014181575663
-314.90431385117245 798.9345614151287
-330.236930508101 748.3404498745074
344.8983848374718 23.540340939738826
1.6028674052738552 -592.0877584960389
188.78702991633907 686.6060339879118
-317.336214044844 828.210628921744
218.02112427118118 -56.626246569476734
345.37101055807466 682.3525356125444
-204.09714863074697 511.0384463228538
-267.96739382633814 904.4637092270323
-52.499624194248554 662.3022050111251
-134.05638642625487 -567.1892426989253
235.42690197585 -813.3339057516699
-250.44205879681223 -726.882230444669
60.82814105589836 -813.048582028774
262.2008180531949 51.31799891931814
88.49684688773885 760.1845062122673
-4.189057038169267 -187.11765963278685
-242.7016776882291 106.11844405402053
325.7166103162839 -273.7447696586048
351.856749566727 -586.693481444544
-255.53430431577956 -439.17862173601225
198.71756337797183 -8.217692461382399
-209.75463838330091 -664.7843132073122
-70.03312819793672 553.0427496133245
17.442535028293946 369.6804053781466
-250.445441573808 -717.8300604187571
185.41231905620543 -873.4366270338194
-277.66688350723996 403.56916834033314
102.53652783690308 -314.05773039704377
283.09029705213516 -689.0592411142154
76.17083256016662 -521.2493172664576
312.61875438815093 -986.2561354447225
85.09395290143271 -12.328123714893309
-69.86807974249302 646.5515028877794
249.5886017031412 -473.54319989765577
46.10086408533283 94.33585061210601
205.29896056898212 921.214213163792
-333.14767168175797 -594.1354993903965
30.52552926298165 942.610342660721
-257.96600763380104 -400.97180469036095
272.6333105488849 675.8071367672201
198.31851030273697 706.0614533069647
-72.23427185127247 665.358106875965
307.48354463898204 -536.741724858691
-330.92881126567477 -364.8282629673521
334.2706450061561 918.9254819307873
72.1660593684154 859.0426761337812
-140.80860352624137 -585.0428692260772
92.57216869178546 -154.85743207519226
313.71486259830624 891.5537310420041
-71.61612893628887 898.2510936114052
20.036219903581923 271.2509969786329
-307.56577256102537 336.4007843362301
34.89175430207541 797.5632434998593
-98.25380710412514 663.997673795694
276.6511066757989 635.1870982112441
-171.9300920139349 841.3720111083428
327.1836535103797 -217.1475895375985
-118.17681007958751 941.1028120126848
-215.2391841717397 -593.4535348593444
-217.23244564586065 944.351731137104
-258.47742282484944 69.98060671164308
24.268071226326413 -794.1692683307189
268.80127605474297 -979.1940015669811
304.00064180824074 203.92104658217318
-324.1380793862639 -314.7713414312317
-107.51373715826142 -407.1514498857962
242.38387944659428 830.3126990031831
301.84726212938097 -713.2853684320975
-127.72606059446167 472.40208385961705
180.6960026308701 330.5689322666119
-243.83302286621927 541.732007918946
17.08259890826514 651.6038645055976
342.2357735659243 557.4404813527228
-100.05680649375705 433.9392642624939
-220.3029885115936 123.83336888477811
-329.49330591609754 -176.64249023169896
36.66652510343664 927.8946067987806
88.63273168968482 -56.26051784321271
-56.21799881428797 -900.3249392013355
65.07002420919565 794.8423855045808
37.2775916122842 291.3345874996278
89.13905515089698 501.4512644139029
-10.040352511338767 637.2508023611244
272.3595792691949 -403.1733593576863
-214.20069118764064 876.7508274367765
-27.941801305400134 -451.2390234556392
-346.37723804213005 352.660965991598
-44.99241833956967 574.4480033631453
247.64572381508526 343.0110399864193
-170.33602255659804 -59.24117669953466
-192.63563558074318 239.87070931616154
-343.41427408836165 409.4096389997769
6.580578849424796 -541.5650248478948
-199.86919487145389 -738.1030604845624
-48.89501490578772 641.1174591504112
-229.4527784064166 -573.03409486905
-13.053302628797212 -284.44967695450464
-175.91440809011627 -366.2312591115167
275.5647611234731 -327.9697500434311
-200.22089306189878 226.76083554138017
280.02132121268664 -454.90883316870054
-244.9487879560233 -696.2280471241716
145.64271655021582 15.523545413749503
-301.67240695272835 176.58165572267103
91.0599501115841 293.3027499888601
-94.65586903903579 -196.2819586784501
150.26576771379206 -501.47202942536495
226.85852533916557 808.0895208325257
-236.40880527452026 -373.38599438770336
128.98858014515213 967.4502990754631
-74.73003349876558 365.6204789393655
153.415952781049 -346.4093420432006
-302.4749932837653 527.7407632354882
43.20988547321605 596.533535749315
-24.123514142970066 663.6164862280248
-168.95921036745276 562.9100290859037
-202.36297231965142 547.2822282932159
290.06935349823016 63.07701391092587
65.32477953201857 -348.81384754418286
-16.187455843601413 -960.5703017276938
-331.00878870249574 474.87318776875077
-120.196737675187 -361.2456909755624
-123.77448833297893 -352.4421343670392
-167.12371322607032 -365.6448928345934
-44.136298127894236 93.95419441249555
-42.571493597107974 -160.91851688343309
-88.80425279934883 -765.6288764054468
314.0174834357106 938.2712486754299
-359.2700963011085 -815.7774741913236
34.17728631725248 -427.98330186594796
59.338768026942546 -775.2589224791122
318.347183185188 209.05124260804837
139.87769760534138 435.8263345874709
265.32336607828313 379.94371695464497
-84.86879562428976 -686.4021871780071
-12.339851865175547 175.18021199220425
-147.79085856668664 -560.6355864694715
-224.03740523708677 564.1014792436793
76.27984097686186 -176.6376819775155
76.02809833188064 -946.443468190833
-282.2070060954452 -584.2459932315631
-63.69017659136421 -519.4772485384733
227.11070701530582 -540.9781850108502
249.19111570890118 -679.1668150674706
202.73091898107282 850.0296123587359
68.07503739122615 796.5437550919125
74.05281480208981 486.6674591198032
93.30914892606461 -722.6385092977341
-173.10047758962332 693.1345964954141
-116.51888049679269 -3.0521232954685047
19.77919371934479 -750.4441837628766
304.6365184611725 -57.19983554001942
-228.86911018805276 295.7686689466252
98.48561871697456 -71.19456157226023
82.56760045792004 435.7576165443379
271.68170171277234 322.4516903464032
-159.60584113137386 -261.6464980924444
41.769149061933035 674.0722897180578
67.44351455435861 11.456041752650322
-38.585051214980524 583.388801775485
39.54051066512318 721.1789011152448
-98.94699718813536 539.0099291591557
-144.3322265759902 233.95648111534956
-198.91358894887654 -820.5665159801665
-121.82584971173819 678.79236275526
308.3081786228536 -550.5109023868067
299.13153636319714 658.4711896702329
347.21684500194385 464.0510698044136
-58.788214887224626 -717.3060071266526
65.4186394879622 541.2397451722818
346.2208727086397 -447.25946889445936
113.32396507909755 -169.77814275558
-358.3069310366682 996.3999059440241
191.8611567171091 234.10998378519002
-114.28628809318948 633.5538362196826
187.94640607519784 -83.64734288852696
-347.59549551665475 -153.06399519656736
335.9641846634976 -420.6039213591239
-24.72869415786124 539.2319319189826
-25.471818954040316 -82.70898831157172
-307.12066909015005 -923.1748755120348
-308.69155036545544 169.30637330603236
221.08718257555392 952.1344462295301
244.7259547327975 539.5044772957915
-191.66409432174962 840.6298743196564
339.8315421405381 397.6213656109928
-264.74442445468037 -214.74645806399087
356.7016482958047 -360.51268958132573
-222.8829519523771 -389.88671838865787
323.19915836804546 360.61290378700164
357.422323474907 346.95761645727134
-290.0371061607888 84.45723263935042
103.19287999247433 -547.9194004872957
-75.99459658708662 187.2841387039009
207.28025186194816 -102.0535433412499
8.31388135129555 -125.59522178288421
310.2895842718709 -157.03604976347503
178.36480752430407 -912.0062767481189
-345.528092088596 -485.51883730593954
42.47900388807176 -935.4422345899371
-205.79328315421685 -815.7872957497268
181.45828013997436 910.5262076407389
212.4621264913543 -328.0494171043729
83.96193481783195 527.3230526537661
189.88544526980047 -317.44791376378623
-72.40425584065042 492.6709742708674
82.94256404927597 462.83755890552493
41.702430303087 92.76861242980931
-250.20970877053793 -240.8276727401277
-233.6420511800818 -399.62722146347926
337.33121987343793 -136.85311302086075
193.0936142186015 106.70794982869711
-69.8332136037177 651.9111370721112
-23.62024162319682 -259.484103511135
-98.07103101550098 -38.64228649244876
-199.07796668235315 945.4496155180227
-78.2622675805012 374.49168187420037
-181.6624294808406 -362.59533740270194
173.2960026603239 -436.03717796577905
-92.20692645179088 -473.72569794357094
-318.59969206133974 696.8788861746184
-71.29656469143009 -337.99740774835516
-49.58964355277419 91.6575149107041
219.604277458924 352.70207954913985
-198.51329193333584 -689.1837708341913
-144.17187375825813 2.9931255634489844
-289.8287446363086 180.23999552401847
329.62895511300815 -866.3882917573651
-306.84921010166113 -155.394160651535
-0.08405656502441161 -131.27612581541428
-127.1903560955715 900.2866843972915
-125.22734472795179 -484.72432816098717
60.4430929935138 891.1942217443423
118.45350589712581 -490.9026370020699
203.76843206732565 9.664121776565366
315.56504483604215 -34.62777162231714
-18.363018025006625 -286.37404051082683
-301.3447461200684 -653.529777095886
-241.38498723420747 152.94030886010228
-308.5504566395874 348.0376009242884
-25.63187537774479 791.9285437105495
-81.51203344780521 -995.3757413072191
-162.45155226137734 421.75807905622537
-37.066573066654485 229.02105032714076
281.15007942337786 -124.51014608151524
-102.16308593725824 -475.1294117368543
356.06393632844436 -809.7673191262173
-67.83935368976506 -549.9956421431859
351.8282113304376 704.9915769239656
281.3761799086227 558.3507987229173
-341.66299820817443 639.4366853719089
193.47011113950907 11.149458366985755
-80.46527422586718 67.96078686778583
14.705381070968883 823.5961815199385
59.88985394398037 -114.96630058140033
-54.49818071292924 800.9357964956523
86.70705577612966 -647.9979345958593
-284.6842436471796 618.4089176297898
-13.897503088410758 122.12466823702493
236.4132236776212 -787.6497326237044
137.73238685047 -740.2270938380884
19.94768408438665 -324.8735015288622
-166.8688572793754 -298.63212403993214
313.76856434726903 184.49216374431762
-345.2195903067519 849.7646782199936
29.902293858225732 148.33285124071654
-102.20374190611585 -449.563348810569
-149.33645796755778 -291.34417300445284
-146.61263033394718 566.9519374230799
-284.1302140051403 -975.9219943173127
-136.99717872162475 -145.12427763297399
-160.35219113814472 337.9531111577503
-325.64673832642956 -572.627893045485
243.83679617181372 739.6690706296938
145.25544350675375 -587.5799935624304
166.00778658700176 739.5385510470408
348.51527699177075 -979.3013710829881
-36.36467227851057 -696.9047933034591
-169.16947041839154 -425.1623154190662
-28.027599429297823 -171.50046271477675
-69.04046159829699 -505.1304661679521
-178.3041802991652 -298.8514561000512
-212.8316586009021 -808.6400969194607
-96.59586195476561 522.4739275139648
-198.76606485766723 -813.1655744994031
-260.43314285503243 885.3042521259556
276.0471549939831 -532.2395418763815
-249.4620508778564 656.0577988131793
-53.87567529257922 63.4818132348546
79.76389312424794 -875.578331485065
-144.8977699167216 155.14692343112893
294.3304688026924 -905.9341846369932
341.5568432624418 -363.1900769859295
180.50964458507917 -986.6708616571616
-345.7480831989857 982.5262367864336
349.98221258149886 -417.293575381549
10.188564884453513 517.4029642776154
-199.0714093974697 -73.64443874660776
13.593645423422572 747.2074113545873
339.194939578167 -622.265271434914
-88.7507968788496 -729.7244482252636
138.2579614397419 204.87015203045166
-310.6680639775914 977.103657704449
142.72703427292612 188.6454072376714
159.1962720978097 737.1480489456637
-181.3619720841135 -132.10595148482707
94.30130795707254 -421.00387951054415
44.80912760317284 -522.0319208659139
247.746288015584 489.21483189894366
163.04380589232687 -865.154858253248
-60.35369339258841 386.82224585618314
80.98268511531671 654.7278482354536
335.84425124405345 574.468106349218
-350.07907362985463 549.4798652395202
-335.7786283081548 -975.9488227483774
-239.07623316442965 -798.8667118455817
-327.86557563064736 223.64033456276593
156.08818834003887 994.0930651554081
-61.727262249395494 -5.791653667892547
317.8148206645352 271.55435980269704
-65.50574520173285 -321.1731831097428
217.46905671571278 383.0397329880477
307.96532180660154 413.6120589761774
295.8267622389866 -197.14675674322234
-158.80549444061955 -191.14814253693123
-308.785082465241 324.6401248488769
-92.68344188415358 300.38443681940225
-52.726177807971794 -324.870358560275
-29.752240597672596 675.4402523477092
60.782315207227555 540.5314380239117
184.10024767180585 -166.20047078538016
-148.99607662526654 -38.05573354513854
183.507893131866 714.2572764149552
-74.4731393857412 -668.4717307538795
-313.71766590399153 498.0303748903232
223.586720283271 -190.91824673509268
312.08310033801456 694.8789817240599
-203.6237774083811 879.0539971719456
-64.44831032745606 -475.6415310394224
-345.13789919444145 980.9166370465343
-180.3751604821756 -876.2441206294984
259.14469311703965 671.2065205009649
-165.49205345962162 -454.09268974891927
99.41155611676282 613.4439220359832
260.05525892794503 254.2323689406021
67.05193721966901 842.5197938726617
154.06904374094256 -121.0370071435758
-64.48520495133727 213.03756527131327
126.29556635866129 367.6840189460029
184.00820871823305 -283.51554113115833
227.66117422949696 344.94415764309997
283.15433599169614 439.99874577364153
-53.44202436517389 489.8358819451937
-179.77118016799005 339.8895635986355
118.75326074151064 -952.9159559041057
272.6303185442555 -284.0432789677003
-335.2364360760805 206.32357519605375
201.74007603378163 -701.9517341367321
108.29880019068014 15.8865558908592
335.3483377054864 -805.8151285068384
41.64854827504371 -258.43949573830673
315.3393944514305 -400.0302929073707
328.6473074137675 -862.5802190529204
-351.65754836895036 -868.1059058348588
-166.8783036572374 -35.027263103858786
10.572026399648166 -77.46048008284049
-49.511861069714485 -721.4917316071801
-35.90387180282795 203.56636956153102
122.43500957475351 488.6649195333234
100.28687167845152 -997.2279046597728
-170.61108856104406 22.887994936584505
157.22356570660486 -205.60932200765978
2.730570842974089 520.5792056418791
81.33379985555115 467.1961037990459
-261.508816933811 -67.61498984570926
-160.4261742476858 -187.13574666292106
-333.4742247364182 -362.7901120853214
36.965229025753274 -112.56335060095557
213.92591786033836 -252.8184707296797
335.3202940387912 -938.3787837963072
-221.30049104419018 139.93607608462503
-217.49577830368165 351.05598374340775
-220.48889349601134 -560.7689857133937
127.59807347376756 -294.4489469375428
-130.4580817259391 -840.9646939493048
15.841681994494422 -663.2840946770305
97.29415493313428 532.88572891546
68.25164830442884 -123.73004816399066
104.43001776275923 -830.5599206209056
334.32511232962054 182.72330895217192
90.50144065759969 -393.2020643587289
-17.74457102467278 952.0070880052988
166.69188129216514 82.30005495071191
-40.39831999702625 -61.977377836117626
-134.54229251984407 -608.8411984879376
158.36968277904793 551.9684097766399
-29.77825490903831 576.4125027673545
-8.022489908464934 -115.3031834337952
159.03757502706878 374.33616608487705
-202.40575996431093 784.2402696893821
-101.59136697663155 833.5835479728546
-284.1435138237665 -478.960475919985
-221.78818230571787 332.9744185621148
-209.01737428850237 -213.703967645327
-114.05907597830276 -658.0176766367936
-182.1796266831005 -705.7386979339757
158.25089863427058 -300.3811256608284
98.3790223059757 -902.8326946497491
-279.9505869864921 931.5508117615711
358.9131639708087 -128.1082721060793
-293.8518494687141 -818.0731301796231
179.64053689200205 -99.65697273012825
237.75134426287593 -294.4678925200874
242.69198160559415 240.94088850302592
-344.17469126883236 547.5283978572577
309.907398079427 -323.54174633259686
235.65790945633228 -967.8208817161213
60.6071047450738 -576.118516428978
141.68265436299225 -11.40127381645641
350.48345386273775 -695.1640506000072
-71.09220862307029 -739.2936076207857
296.2736017668932 -899.4846388400697
-62.94359671870211 -19.794849351313133
-73.1105058006865 -847.0567742210036
-344.2109851729791 325.5477623885695
10.1970372665877 924.7857193570535
-195.85410649085009 46.491115385853846
-174.34798932232195 -807.1742666355766
-15.387987127297436 902.9822077149261
-133.48420068443616 825.5986884719355
221.97295488313648 -651.240908243059
281.3897508253084 683.5815147011303
199.3959715870426 284.1900759175446
-136.67745402147244 -919.2842789778506
278.93591165661724 509.5162677744406
-74.2394010508608 -541.0620168709563
240.93120579692356 -371.1972649510915
308.1271863074114 -547.2198386577463
-343.47896371982375 586.5435904765184
69.83140391480339 -641.0065935285559
-160.21988282734202 -236.99212791563082
-359.9759073392066 -823.4603246315255
50.73349205541001 -388.94717609726274
-268.5669663698981 845.1862488092077
277.77893463015414 -813.7271611592796
160.1257396247206 86.32798693925565
-322.1893581103951 -396.00805837062717
119.0633785626847 337.55441969729327
-5.396884385714259 450.748692649079
-208.17442096328998 -327.1326223531821
-109.21995483841323 -515.436617598697
23.900675252545057 313.34720288608173
-84.04142931768217 -422.58253271125295
12.452491228125325 -641.5445885189692
-86.57530730320116 -214.98387143065065
-248.51035852066977 706.0520480143091
-0.038436866045174156 -326.9548126630124
-202.1207052427971 -220.4023457748798
-201.78206402765855 -414.2251903332941
-275.33694309844384 643.8989526327155
358.269311996409 412.00255049377665
321.64788541790006 -633.8506428937981
214.79066591444644 584.9684448622261
229.2610823442635 66.90499055417945
328.5243485945233 -452.98285295786854
-29.826518567577125 -993.9717230084899
95.49327787539238 -283.5792399744987
314.21105347614173 -738.4787778488549
-145.3254039942488 -887.0820063863293
-264.4095348536656 84.56146852286429
-175.38530616182396 230.1652742867882
-202.47002768477307 851.9448257181682
-208.2677944632311 -512.5637346788385
347.80232495619043 -312.47176461859635
-162.17869433455326 -350.45301248140936
-130.18747650069415 -712.8414783923806
91.53306051292736 973.1239123985447
47.2982038818588 -743.0381474422862
-201.62192710990723 -481.0263300931399
126.76680120920537 -637.23964822621
46.06002979708194 -935.5469827699268
-79.701457579784 -511.2273210469498
96.71422580379834 356.37895756764306
122.36047175715765 -183.3543668863074
-95.10800601821728 64.15851668220557
137.79227381261296 761.255048669366
-320.1035650221306 -275.53996814027175
34.13973475421432 537.6043111525803
-236.65848254093572 212.88620684673697
140.02826857510706 883.5402473894619
237.57146345478714 -165.2480179590052
252.28365230077827 425.8955175613146
-282.1566551200633 -3.7907935482255652
148.02323429620725 453.05866255954174
310.94126466872876 -401.3982071682216
-116.04360313114259 -555.1374568475592
-294.843549631467 -206.92492082889942
123.64874072903649 611.0728922348537
-208.6674093867224 539.1040714341268
104.51973519246025 902.6498361270126
-218.05789768283006 -470.25423709159315
-320.1400858590053 485.3446777832778
174.9240143059643 478.0612022505195
-252.83157778364654 503.0857587596581
341.28030198243005 -496.7061973120288
-257.37182409516305 108.99829467372774
-199.80742409285375 -587.9691961898612
222.55095653005162 -795.2079880606407
-217.31271062149835 38.716096455101706
-253.8593931548268 -895.3572847987303
34.642661499876965 491.5218201406042
319.938183582629 -572.4161369152112
292.1965122388086 143.72866531908062
162.82838206174097 -77.18525475785623
-322.6203166957202 -482.5966421103651
-218.49775361501582 645.222518985343
169.06547795684673 -174.69540368490982
189.78687383671047 923.8064770707183
-335.9091568964219 868.5873183124882
-238.73165682694093 903.5826316973162
275.6712007779229 -767.9825675785274
33.14973323692277 -908.0615592323034
20.995778325271317 275.0484138889974
-19.69810633741497 -696.7028119828223
-192.84339485588396 286.25300727499234
131.9797894171325 671.3421687806308
-5.670654267480586 -649.7568895756225
-230.30639980905346 985.9428451672059
-42.609686849999605 970.3515969891068
-76.76128218085387 512.3134518579425
221.9191436857575 -703.0090199105077
292.9046781472381 662.8273522678303
-322.19743138603593 930.7436100353248
-350.6012921245543 -582.7002524022424
233.42028005725047 -299.1199788440862
-340.96481276720243 -774.5577158552861
305.65941995083926 -435.85926770385686
250.25790438639308 -724.4161009987299
-134.23016880951252 825.2594447826289
178.57751801215636 476.64309957395176
18.338102105306064 249.84513730203798
160.52260105195535 275.7263576732382
-319.5763883600968 321.88105247604676
-326.7822224579441 -478.38035379471046
290.1657987403838 892.2396473364731
254.7185235909434 984.8290376348032
-31.062498400639754 -228.74659506525825
131.2476059716755 857.7186027261016
-91.61569884854987 -562.4791257238855
280.9937142243326 583.6826218622107
273.45624679787034 966.7698313947776
220.14875484153538 702.1815318489892
-195.19671309367973 -471.2620274695223
-174.6245216627276 -953.1395375822198
88.67172564334084 356.67366062318206
267.9130716269949 596.8601687961934
-340.29551744581994 -36.800266697228494
-251.95605735271724 -443.1789099981979
151.8136359437524 557.9225720416039
264.6602588047384 -171.02834971179232
-185.44064706236406 116.31213099552087
213.18479834601953 -58.91795834197171
307.23482665652637 356.01516500566413
-303.88388900323264 706.9566945177712
-109.8772737100399 -4.0907254998492135
253.98352641446183 421.5275440020839
192.1538568506469 -895.1583403768111
280.5134643598384 -769.497591063494
86.46490645668956 91.13988909527893
-325.6762409548288 -535.0877012305355
-189.88272981122168 -59.378157962000955
-99.52137921653474 193.79278103886622
-198.49519519472915 679.9718495592213
-51.2476520432017 23.624399790766347
118.7441402918522 723.9920930566398
41.46554007302399 261.04928892988187
-95.3935445927221 759.3775905760322
242.27332683011696 955.7691960571428
338.31538065778386 124.30456834123856
