15
1 3 7
2 4 6 8 10 12 14 16
1 3 1
4 16
2 3 3
2 5 10 15
3 2 3
2 5 10 15
1 1 9
1 2 3 4 5 6 7 8 9 10
1 1 10
1 2 3 4 5 6 7 8 9 10 11
1 999 3
99999 100000 100001 100000001
1 999 30
1 34 51 62 73 84 94 95 98 100 200 300 400 500 550 560 660 670 700 710 720 730 740 811 812 813 814 900 912 998 999
999 1 30
1 34 51 62 73 84 94 95 98 100 200 300 400 500 550 560 660 670 700 710 720 730 740 811 812 813 814 900 912 998 999
999 1 30
1 34 51 62 73 84 94 95 98 100 200 300 400 500 550 560 660 670 700 710 720 730 740 811 812 813 814 900 912 956 999
10 11 11
1 2 3 4 5 6 7 8 9 209 210 441
10 11 11
1 2 3 4 5 6 7 8 209 210 211 441
10 11 11
1 2 3 4 5 6 7 8 208 210 211 441
10 11 11
1 2 3 4 5 6 200 208 210 211 212 441
10 11 11
1 2 3 4 5 6 200 210 211 212 213 441
